0.00015
7e-05
0.0002
5e-05
4e-05
0.0
0.00014
0.00016
0.00013
8e-05
0.00024
6e-05
0.00018
2e-05
0.00023
0.00012
0.00025
0.0
6e-05
8e-05
0.0001
0.00022
0.00014
7e-05
0.00013
5e-05
1e-05
4e-05
1e-05
0.00013
0.0001
0.0
0.00016
0.00023
0.00019
2e-05
0.00013
0.00017
0.00027
0.00043
8e-05
0.00012
0.00023
0.00014
0.00017
0.00023
1e-05
0.00013
0.00015
6e-05
2e-05
0.00012
6e-05
0.00013
0.00016
0.00028
0.0002
0.00029
5e-05
0.00011
0.00014
0.00014
9e-05
0.00025
0.00013
0.00011
0.00018
0.0
0.00021
8e-05
0.00026
0.00011
0.0002
0.00012
0.0001
0.0002
2e-05
9e-05
0.00021
7e-05
0.00012
0.00018
0.00016
0.00016
0.0001
0.0001
0.00026
0.00026
0.0
0.00023
5e-05
6e-05
0.00028
0.0003
0.00015
0.00021
4e-05
5e-05
0.00019
0.00032
0.00021
0.00012
6e-05
8e-05
0.00022
3e-05
4e-05
0.00025
2e-05
0.00018
0.0002
0.00023
0.00018
2e-05
0.00016
0.00027
0.00011
0.00023
0.00017
0.00011
0.00018
0.00011
0.00019
6e-05
3e-05
4e-05
0.00012
0.00021
0.00027
0.0002
0.00015
0.00015
0.00016
0.00014
0.00029
9e-05
0.0002
8e-05
0.00026
0.00018
0.00022
0.00058
0.0002
0.0001
0.0001
0.00022
5e-05
0.00021
0.00045
0.00016
0.00084
0.00015
0.00014
0.00057
0.00057
8e-05
0.00037
0.00023
0.00024
0.00073
5e-05
0.00083
0.00083
3e-05
0.00049
7e-05
0.00063
0.00069
0.00069
0.0006
0.0006
0.0006
0.00065
0.00056
0.0005
0.00058
0.00055
0.00065
0.00047
0.00047
0.00047
0.0005
0.00046
0.00059
0.00047
0.00052
0.0005
0.00047
0.00043
0.0004
0.00047
0.00052
0.00043
0.00048
0.00047
0.00043
0.00034
0.00051
0.00037
0.00033
0.00043
0.00034
0.00043
0.00033
0.00046
0.00041
0.00041
0.00044
0.00039
0.00045
0.00041
0.00038
0.00035
0.00035
0.00039
0.00039
0.0004
0.00036
0.00033
0.00038
0.00038
0.00038
0.00031
0.00037
0.00028
0.00027
0.0003
0.00032
0.00026
0.00029
0.00026
0.00038
0.0003
0.00039
0.00025
0.00027
0.00024
0.00027
0.0003
0.00028
0.00032
0.00024
0.0003
0.00029
0.00031
0.0002
0.00027
0.00029
0.00021
0.00026
0.00025
0.00023
0.00027
0.00025
0.00021
0.0002
0.00015
0.00024
0.00018
0.00023
0.00031
0.00023
0.00024
0.00029
0.00026
0.00016
0.00019
0.00017
0.00024
0.0002
0.00016
0.00013
0.00012
0.00011
0.00026
0.00018
0.00012
0.00012
0.00023
0.00016
0.00015
0.00012
0.00018
0.00013
0.00016
0.00017
0.00015
0.00013
0.00016
9e-05
0.00016
0.00016
8e-05
0.0001
7e-05
0.00019
0.00015
0.0002
8e-05
0.00012
0.00016
0.00014
0.00012
7e-05
0.00011
0.00011
6e-05
0.00016
8e-05
0.00011
0.00013
6e-05
7e-05
6e-05
0.0001
8e-05
0.0001
7e-05
9e-05
5e-05
5e-05
7e-05
6e-05
0.0001
0.00012
7e-05
0.0001
0.00012
5e-05
5e-05
0.00011
6e-05
5e-05
7e-05
6e-05
5e-05
6e-05
6e-05
0.00017
4e-05
0.00011
6e-05
4e-05
8e-05
6e-05
5e-05
5e-05
7e-05
6e-05
7e-05
5e-05
0.00016
7e-05
4e-05
0.00013
5e-05
5e-05
9e-05
0.00011
5e-05
4e-05
7e-05
0.0001
5e-05
5e-05
9e-05
5e-05
0.00021
4e-05
5e-05
4e-05
0.0001
5e-05
5e-05
6e-05
9e-05
4e-05
5e-05
0.00016
9e-05
8e-05
5e-05
0.0001
7e-05
4e-05
4e-05
5e-05
4e-05
6e-05
3e-05
7e-05
3e-05
5e-05
9e-05
0.0001
9e-05
5e-05
4e-05
5e-05
0.0001
7e-05
6e-05
3e-05
0.0001
4e-05
5e-05
6e-05
0.0001
7e-05
6e-05
6e-05
5e-05
8e-05
4e-05
6e-05
5e-05
9e-05
4e-05
8e-05
7e-05
9e-05
6e-05
5e-05
8e-05
3e-05
5e-05
3e-05
8e-05
6e-05
4e-05
5e-05
5e-05
5e-05
8e-05
7e-05
3e-05
7e-05
7e-05
5e-05
7e-05
5e-05
3e-05
5e-05
6e-05
0.0001
3e-05
0.0001
2e-05
7e-05
4e-05
4e-05
9e-05
8e-05
8e-05
3e-05
5e-05
3e-05
8e-05
8e-05
6e-05
6e-05
5e-05
5e-05
7e-05
7e-05
5e-05
5e-05
3e-05
3e-05
8e-05
3e-05
2e-05
4e-05
3e-05
4e-05
2e-05
5e-05
3e-05
2e-05
2e-05
3e-05
4e-05
4e-05
2e-05
0.00013
3e-05
4e-05
6e-05
2e-05
2e-05
6e-05
6e-05
4e-05
6e-05
3e-05
3e-05
4e-05
3e-05
3e-05
4e-05
