0.0
42.19257395834207
100.87222712625152
96.52704073682622
91.25234768070169
88.12954436135826
83.50910688577508
80.42149455636286
77.42231128487654
73.92148827572035
71.05937758191945
68.92219197408198
66.65920406490707
64.65586199650733
62.727827698331694
60.41629696491297
59.05205239448043
57.70021976793605
55.96693540397882
54.56269626137938
53.38381785673228
52.47892276514467
51.726355527831956
50.761828187664435
49.83482810858146
49.001004588076164
48.28004280718771
47.55621494545184
46.71274315235002
45.99813445228114
45.53406185875079
44.958716926132
44.417434706516076
43.679947032480285
42.97788533815776
42.313109688498855
41.68566569673193
41.06690138705839
40.650876678260175
40.06804031242507
39.633710602472576
39.27777559568209
38.85845468224444
38.34752955141555
38.047142784418114
37.73946428508181
37.42053002929168
37.09170907564385
36.76413545252206
36.35301202101753
35.98778545621538
35.66255706811553
35.29268042456373
34.98705285701672
34.744886530548165
34.480689797586194
34.12006646198317
33.80961779926781
33.55134528453465
33.28873506403212
33.04038802223097
32.82697980763742
32.53344573916212
32.27079834237229
32.0290279560394
31.79590149466734
31.5408888641628
31.323235165096193
31.126197758099785
30.88699212467523
30.67493464098768
30.436748518844375
30.283282371991778
30.07868657472769
29.878308079634323
29.655899906203835
29.491180097739743
29.30021015940538
29.104269002748012
28.92499488018716
28.747734155333575
28.582137873984326
28.421695780432913
28.262652078375574
28.1141556744208
27.9612547696269
27.79854965971548
27.654535971353994
27.498419512629592
27.38129001287666
27.229977681123223
27.0796139632162
26.912085776289317
26.783886818291325
26.646339653441807
26.49515095360072
26.343603167573036
26.261716364263243
26.12529498894275
25.96587091046596
25.838582717142856
25.710442278978928
25.624178666252938
25.49402461200431
25.36077007851511
25.24532935294509
25.129989278253213
24.992925611824564
24.890346001024092
24.783764072321553
24.68527270772008
24.59544611164589
24.50426011865217
24.4037458921094
24.294716862402648
24.19061947583694
24.09189311144284
24.001136998288995
23.93062872622446
23.834820677853664
23.740667060695237
23.672297030927613
23.554091614084296
23.44874441174673
23.360179947351682
23.28837630684405
23.198470928651258
23.118545068695134
23.03960241440731
22.958265808160007
22.86809001466166
22.775629734377844
22.68796576820386
22.605328884582697
22.538718544450838
22.462347839851247
22.37805406114991
22.30331630532322
22.21757082441797
22.132917761148526
22.04161308111658
21.96684828753718
21.89609872546097
21.815495544769888
21.743151469316317
21.67561854914189
21.589240059864114
21.51764691582421
21.456681717323374
21.388288562526647
21.319378765951367
21.255887741115828
21.185845924895006
21.11519558820452
21.059699067585612
20.993539534719815
20.933798884127317
20.864425125501477
20.812074446115876
20.7467748096189
20.68091938648291
20.615846201803357
20.563120285189513
20.507875341745372
20.447836317025057
20.38452266362929
20.31447588215181
20.25098764839708
20.190028051455872
20.13547770852545
20.067099356794444
20.006003236334212
19.9528970910559
19.891093834643186
19.827724373752176
19.77392570864111
19.724466752288023
19.65784346073394
19.610539937437913
19.56473612435888
19.51069430105602
19.46247736395133
19.416879059743763
19.361263546933777
19.310580176047175
19.255162717159216
19.21143202275546
19.164161733200384
19.1154218015811
19.062780825458162
19.01081832243001
18.961690603947957
18.917008425264832
18.87863874606387
18.831082741834727
18.79153698944413
18.746406718650384
18.698114011350796
18.65320406388151
18.615373866525104
18.55945646612451
18.519383512145094
18.472755565705604
18.430163107866775
18.38989412254599
18.344509268460165
18.307834438805955
18.26977673052513
18.225105052004366
18.178199038293844
18.13563552470368
18.100310901565255
18.05775139648513
18.01354877589236
17.97799652296392
17.928579456983336
17.887319948829873
17.841066599111667
17.800124961610045
17.76858409656061
17.73521519154768
17.693690090697366
17.65313175533574
17.625130230586382
17.589680086876168
17.56167200832287
17.522497047468356
17.481214431864238
17.438679359774426
17.402897127318766
17.374590104355992
17.342699070586896
17.30221104275533
17.27143749675612
17.23980663284788
17.204250982836193
17.16923518108262
17.13880722637783
17.101872275986267
17.06391564678211
17.023862215565707
16.983664304938795
16.952441826071645
16.919443430765817
16.88815102563573
16.855281151076056
16.82332961795955
16.789744827672592
16.751936243589554
16.719627798735804
16.68817105197423
16.661083934041706
16.6354594867975
16.604667415285256
16.57814310376964
16.548990589151494
16.51386471555362
16.47751011128698
16.450941873938977
16.41902933614302
16.393714926522172
16.367524273949456
16.339593970775006
16.30254920821421
16.273587967858294
16.24376297823278
16.215101021976928
16.18624953314573
16.16120672452142
16.13266105765987
16.098882500233053
16.077094611868233
16.051769271617598
16.022906624857477
15.994323190802739
15.964763912956798
15.93528463251394
15.905463437195563
15.875746581173505
15.844883671296815
15.812088340552569
15.786902402409243
15.762487159165264
15.730397913879255
15.705099603248637
15.680204997032183
15.652828712752981
15.621650646178022
15.593356625160679
15.565424917543265
15.538593354773425
15.51288744606632
15.488963866292101
15.467692047336023
15.445978674454992
15.416843514397
15.394210897606964
15.365650566441929
15.343802874561508
15.319930821468773
15.296992641591064
15.278329056464134
15.256545428834047
15.229157390938918
15.202276803666145
15.17911319197641
15.15811010398059
15.138204295166666
15.111467150574313
15.087181279888018
15.066607715652399
15.042290304830143
15.019462888125176
14.99871089675662
14.978528425904859
14.954584141513145
14.930181040514444
14.905826562790937
14.886645626218375
14.860404158198772
14.839586916311518
14.816377745505113
14.79579124316318
14.773665630167429
14.75232622617829
14.731200446978361
14.710377718021325
14.687299630915772
14.663835668086723
14.645712424579017
14.628007440387478
14.610702323487775
14.589797601343747
14.570611468503081
14.552359167194883
14.532615029108808
14.507832970712261
14.485843379912925
14.464768133143188
14.448807574147827
14.428168015718391
14.409556170076872
14.387804090761303
14.362628083649588
14.343263278930593
14.321604397326443
14.299626625272474
14.279300227791223
14.262414661870254
14.243174558960348
14.224699816523936
14.205307150962799
14.18636746647708
14.168015542174029
14.149343788168864
14.132630950900122
14.116233012886461
14.095506869693377
14.076747695621524
14.054722651893702
14.038714673787005
14.02111200841198
14.001530325763298
13.983517522377063
13.968212579345751
13.950511323022731
13.9345098097409
13.918820792922563
13.901196958192523
13.884908607618591
13.868728734133278
13.850159646229127
13.831322478619285
13.811778612629798
13.794890106084136
13.7793033788115
13.766406580598701
13.75054303828577
13.732164983932066
13.713421803983454
13.700904026003828
13.680145179465065
13.663348084118073
13.649332168555937
13.632762784343099
13.61796476639406
13.602679566680914
13.585229578209297
13.56916146326339
13.551681664085505
13.535066192177178
13.518838969202768
13.502086738679692
13.488505771657561
13.472757216086563
13.459996386994632
13.43972410127926
13.422451296549333
13.408074196854763
13.39221034843717
13.37464504886831
13.36009323065485
13.34443948576848
13.327551699849886
13.31466470664279
13.298963454787001
13.284447773192152
13.270613209779185
13.255633942577289
13.2416712330301
13.227271957684934
13.210694324768912
13.199571678035419
13.184063268839068
13.17274505650414
13.154984558371943
13.140967228078125
13.126383367426442
13.112044859627824
13.094076636233083
13.074076890419565
13.060804461295465
13.04667673997115
13.033225105974722
13.018919014058044
13.003849689193206
12.988845965479864
12.974183120353787
12.960798673585359
12.948954820207586
12.93686502683142
12.925509265241207
12.90875308924196
12.895042679192384
12.883171028567707
12.869517918324107
12.857264011151402
12.841888786285129
12.828760149432364
12.813633836373295
12.799796916557364
12.788761890601481
12.777847046691129
12.765230030780057
12.75176413903197
12.736103598376104
12.721875000472927
12.70922833718404
12.69703269443515
12.683006267624936
12.671571020898337
12.65846940162254
12.64535055183706
12.63033845064978
12.618399557944183
12.605739454411173
12.59308520510383
12.57969237184398
12.566786202665268
12.554033561483365
12.542322020693575
12.52772216293403
12.513858974320321
12.502347525586512
12.48847565495397
12.474957678542792
12.466393346527738
12.454819783437088
12.440942640159781
12.428268243432605
12.417463817471642
12.406383658761717
12.394764921616321
12.385400131137771
12.37253223835705
12.36283460107743
12.352706110722188
12.340547859811245
12.329624719701865
12.320011960749875
12.3091448587308
12.29602689396392
12.285932391296138
12.273508789610347
12.262470779211046
12.250531854173419
12.237879019555756
12.22668886927508
12.211629681637842
12.199772845094547
12.18869466607779
12.17855444445392
12.165599484690969
12.151721185586469
12.140343598175608
12.128936788838256
12.118909642442382
12.106000173977034
12.094457918515268
12.080390783442596
12.06873735645176
12.059685787747956
12.04760549440855
12.039109386156152
12.029547473091348
12.018967213836403
12.006170723429953
11.995100240847338
11.982642000970856
11.974272638454497
11.964189698345166
11.955247138921905
11.944161944246343
11.932396008891933
11.921021081476061
11.909985384356995
11.897812492545244
11.888188974593483
11.878280061592767
11.865671399524771
11.856536829226325
11.84825376143623
11.83836730919287
11.829311278175826
11.819157751725651
11.809798685364058
11.799000233092377
11.787450542603978
11.777849077531343
11.766556701444578
11.755491222367386
11.744798437568978
11.731976987579788
11.722208452483082
11.714571381078057
11.704010953705168
11.695491571918158
11.686818229391154
11.678855880541807
11.6675568568627
11.655613259195627
11.647185685414337
11.638086369510702
11.627324422303804
11.615828255341885
11.605312281755056
11.594150093173205
11.583330924697664
11.57472250156135
11.56685156985763
11.556436458097064
11.547108266043676
11.537161829994684
11.528458250133504
11.519472798059716
11.511530820867181
11.500419120829115
11.490290528889664
11.48196754104151
11.474594591760884
11.463535707665324
11.452911443426576
11.445334134785465
11.435091798564082
11.424481351469472
11.414863447611161
11.404936616461406
11.395654167835062
11.387101751545849
11.379201132141606
11.37055526211214
11.361952908811961
11.353946940365987
11.344931435748395
11.33613701712008
11.325947752672864
11.315912932600547
11.307304004955096
11.297242695484915
11.287364721088135
11.280565907975895
11.269995149999193
11.26157382560126
11.253551211314631
11.241433601171078
11.23173671511864
11.22356013955278
11.215390795771306
11.210102514916855
11.20184065521623
11.194065085308157
11.186818762469368
11.179260699658279
11.168235949836355
11.15972387585971
11.14926830115031
11.141175186118229
11.132274310897401
11.12418867472299
11.115035507788512
11.106235332180429
11.099337896008869
11.092724583175947
11.084369723867969
11.075052398342322
11.066930773619095
11.059480591562114
11.05037853479677
11.043120122161328
11.036689016019542
11.029144396343591
11.019265576123345
11.012177932548354
11.006448741955001
10.99631259296298
10.988018418351032
10.977222990057477
10.968505973447343
10.960213934592844
10.953026086799884
10.943821554344394
10.932842230138547
10.925985207509179
10.916772557132814
10.9073626934761
10.899527837061061
10.892561673716955
10.886087667435689
10.877993390146877
10.870635687924338
10.862568957578691
10.854542769720311
10.84689496404752
10.838528788105469
10.829146032900063
10.821153117907027
10.812783437042096
10.806396232213203
10.798442102308314
10.789375792938978
10.780702838324716
10.775094053469816
10.76598804724271
10.75702836395509
10.74908032504311
10.743029960434608
10.736143948766415
10.727956016584688
10.71958464122022
10.710755684990442
10.702336461540522
10.694053725534367
10.68616341846122
10.67669398314274
10.669595818572908
10.664264937747602
10.656372253417947
10.650358522934686
10.642941868082445
10.635126721196187
10.62714088066219
10.619949133246303
10.611053859932195
10.602718631965974
10.595692496375825
10.589766077024876
10.582139937611089
10.575527277718876
10.568008394103884
10.560395734994573
10.553382321960559
10.546416148455128
10.538746198663976
10.53208255025464
10.523520494157138
10.51508646417396
10.508800792479166
10.501074183064887
10.49456918002523
10.488838827246603
10.4819984353109
10.474174627318767
10.468152280275225
10.459904634708163
10.452043884296357
10.446392615015817
10.439651856559951
10.43461517090416
10.427936714647567
10.422559382738743
10.41651397397902
10.410676917913271
10.401394317310688
10.394622293905222
10.387293770841524
10.380227141622457
10.373548257580133
10.368128863731972
10.36094644600323
10.354797138401718
10.348155423113829
10.34193918392199
10.334662028312371
10.328464441965822
10.321752635332672
10.315366724051962
10.308604917150639
10.300318431102966
10.293952399508614
10.287464372134437
10.281749314495604
10.27538682276979
10.269067273540466
10.262825314786218
10.25623596378063
10.249665813835817
10.243666813844257
10.236040295027081
10.228962785568822
10.222769525356547
10.217085973123755
10.211298742913232
10.203062040923145
10.198099969755354
10.191217447239467
10.185323204135848
10.180397670279477
10.174852173742465
10.167972974531061
10.16394633733307
10.158656710221784
10.152795364909956
10.145529705586796
10.139217874432614
10.13299319806594
10.126125724820039
10.120473055676934
10.112851068125543
10.10703417410459
10.100708758670883
10.095316171969522
10.089927730852144
10.08211118776796
10.07645177900811
10.07002279522776
10.064617655016752
10.057081049147497
10.050354855748623
10.044793967153614
10.039253427293396
10.033262747626834
10.027889113567856
10.022396926092497
10.016711205722672
10.010441893056154
10.003657362569719
9.99823573521267
9.990653995319635
9.984967117289912
9.979291152385716
9.97364890437856
9.968489655801314
9.963076235699777
9.957005491766003
9.950775029259383
9.944732797795162
9.93893265486044
9.933048976780249
9.927416525840137
9.922226781281562
9.91696013789358
9.91069892595174
9.905002864068159
9.898732398212776
9.893329038284211
9.888330185094802
9.883756743654235
9.878540775324517
9.87375297527706
9.869873611038267
9.86393328784488
9.859231096832987
9.853026255752216
9.847757769554802
9.842808160864436
9.83694018119381
9.831426647667602
9.825434263719014
9.818386720840593
9.814536107243619
9.809708691501708
9.80304331342004
9.798545563089814
9.792699888698099
9.786690292426435
9.780944546042889
9.775679942935739
9.771213039733183
9.766765644604849
9.761057449753281
9.755812251563002
9.750504240157277
9.743787461094913
9.737886777235143
9.733085121259066
9.726628431033587
9.721343588239328
9.715764205251594
9.711400068831363
9.704621510869735
9.699081361713104
9.694105487182817
9.688755751287548
9.68435093487408
9.678763991103668
9.674495670753862
9.669283286545474
9.664108360770797
9.658646774650594
9.653609622714995
9.647649569266024
9.642783849966506
9.63597419987623
9.630206672521528
9.62578342231415
9.620285429827083
9.614684364486113
9.609268731301249
9.60415289525429
9.599443012802492
9.593625885545352
9.588189324528365
9.582920299788828
9.576303541912575
9.57112675589754
9.56671200166279
9.561936717904667
9.556964727581029
9.5517477323353
9.546048756818289
9.540148442291336
9.535169686357456
9.528776334425483
9.524820372732929
9.518469103939758
9.513170323470458
9.507525326022243
9.502366338329903
9.497142184339888
9.491464084428586
9.486404816290253
9.480460661022342
9.475831239382453
9.47083777161916
9.464974032257405
9.459824192475224
9.455100853795908
9.451165851742799
9.445415373668208
9.441723015152236
9.436153154141373
9.43043115535827
9.425053172566942
9.42016965137297
9.415172216482823
9.40964430829279
9.405314434177212
9.399864178249459
9.395466775466708
9.391090339108544
9.386086426447573
9.38104112905851
9.375688231181169
9.371471390649738
9.366726216028532
9.360072789410163
9.355250704984806
9.35041590457189
9.34600324337561
9.34126701768098
9.335991262192536
9.331084372270318
9.325505893611187
9.319498301745227
9.314872311253097
9.310519106817248
9.306099001807706
9.301449338896752
9.295944631614947
9.291281352288538
9.2868997068213
9.281806308854474
9.277763069326777
9.274223875627715
9.27003847087779
9.264816789312803
9.260752902793849
9.256897291319099
9.252676960126003
9.247518961435219
9.24233803340831
9.237547490150515
9.234456239389656
9.229531550128753
9.224900846177732
9.220105824081696
9.215204016979433
9.209995625487393
9.204882884156548
9.20075465453289
9.197078982554547
9.193545526773475
9.188429125379521
9.181831349977577
9.177309396825988
9.17214806410124
9.167916238407608
9.165431282177998
9.160768715921673
9.155998034287192
9.150539700843698
9.146742052867822
9.141831823126811
9.137782087301762
9.133093025396139
9.128310699680917
9.124090530828935
9.118728198529102
9.11388334161973
9.1084131904851
9.104579058291105
9.099615631774974
9.094821697752101
9.090394127407354
9.08577185481407
9.0811898242658
9.076500445738233
9.072742976949314
9.067613936646975
9.062642854705764
9.057453254417606
9.052780889183556
9.047956332964482
9.043098027210164
9.038822708543062
9.034550175624233
9.029934029491063
9.025550922131233
9.021353725983676
9.01698989694404
9.013653064604052
9.01021986129334
9.005943659546936
9.002191362378408
8.998307620962914
8.994435011649035
8.990024988119828
8.986466413036407
8.981864701092999
8.977055004207012
8.972810957870136
8.968671022251623
8.963924312694875
8.959513133077252
8.95450211614676
8.950690172634019
8.946984529909736
8.94375154708589
8.939051507354135
8.935093038640407
8.930850321694553
8.926196076405276
8.921209914405562
8.917792059441076
8.914166399977397
8.910450000859267
8.906465453718724
8.902500166057461
8.8990997301702
8.895064550173254
8.891762524698695
8.88810881153707
8.88358467591059
8.879298900631294
8.875571112393661
8.871751284254776
8.867250407158304
8.862554238950382
8.858323928073332
8.855058667588604
8.850766288158198
8.846972039491114
8.842637486150451
8.838788604970972
8.834829502513575
8.831678524092133
8.82763137619828
8.823473028013574
8.819487054172413
8.815930129221389
8.811030972076882
8.80638508227926
8.802918486862819
8.799004140914562
8.794501352373121
8.790204294324612
8.786734376903798
8.783952803233266
8.780750634327887
8.776536394494658
8.772969912694675
8.768875547065193
8.76511947555924
8.761690675826308
8.757877785612237
8.754049851993589
8.75147932303091
8.747486882513336
8.744415010251736
8.741241672425755
8.737627963562154
8.733764866718026
8.730604495983275
8.726710239751231
8.722522113751584
8.718579289598932
8.714846049190744
8.711068365832508
8.708342367696119
8.704605096281963
8.700533631034174
8.696778060840419
8.694371292092939
8.69087771742894
8.686857766174086
8.683386488139215
8.679499255840696
8.676214396266232
8.673203166113495
8.670473939262251
8.66689075050705
8.663035048752327
8.659079377520785
8.655896064046717
8.652386866170126
8.648905921228664
8.645363677762786
8.64195605130288
8.638106919973218
8.634785426228333
8.631499788285574
8.628309869853855
8.624664639766475
8.621284403659306
8.618028206502496
8.614173025553612
8.609829628802657
8.606727358842676
8.602672915612224
8.599009579403608
8.595110111158252
8.591725282504413
8.58812805706938
8.584868987045171
8.581131322671538
8.577479022429769
8.573612762353768
8.57022415099377
8.566054296850394
8.562729765351857
8.559088621881761
8.55655991759023
8.552921520265704
8.54932244027118
8.545926881833646
8.54286572726831
8.539165591970562
8.536079749395183
8.531530453856707
8.5282534980733
8.525024432010651
8.52204024132676
8.519087441288438
8.51495711797962
8.510923627055137
8.508491157421208
8.505699095401228
8.502188546622145
8.498670651106032
8.4953911053433
8.493030616275789
8.489340730903812
8.485415541696403
8.480960179889612
8.47663514239769
8.473964745925013
8.470673612420192
8.467295465190968
8.463841378759467
8.460431639081051
8.456340187904182
8.452944540922733
8.449262631212179
8.446195637871693
8.443253231992642
8.4406191494767
8.437187964093885
8.433315410111408
8.430028477383301
8.427072609341284
8.423563220286198
8.420754789801311
8.41718080068048
8.414600902311651
8.411945937793195
8.408741102220676
8.405826273801479
8.402345579382857
8.39916515951993
8.396293713443194
8.392565005279321
8.390360011335723
8.387161048165751
8.383992006026826
8.3812868013828
8.3783904438505
8.375768874058707
8.372772054662091
8.370323404656386
8.367228913334506
8.363631194611177
8.361156320902559
8.357649629560306
8.354527631207866
8.350621808750672
8.347450459545797
8.344009598213091
8.341351743083461
8.338702710043169
8.334870010419777
8.331287586484
8.327972816439571
8.32488089842862
8.322125149893495
8.31937788934517
8.315728635146257
8.312264153198168
8.309165942343295
8.30632801432486
8.303006976099521
8.299739983756345
8.29671158935934
8.293945535921686
8.290633784951611
8.287034311893681
8.284051222474963
8.280430973987123
8.277129850127853
8.274199319423097
8.270323395190344
8.26684876204482
8.263884692532123
8.260879690272123
8.25811869413198
8.254716473204734
8.2522170245288
8.249136833612205
8.245511166399098
8.241912697310791
8.238510251065417
8.235886777868574
8.232743815618715
8.229744387771435
8.227458703181624
8.224160822728006
8.221265875279887
8.218169129484663
8.214957621298018
8.211824572949997
8.208188351407525
8.205519515302163
8.202976583518776
8.200455659713711
8.197215511791471
8.19348021225097
8.19026849981346
8.18746945745784
8.184646118134768
8.181820771099385
8.178665913087087
8.17591035782392
8.173045354896903
8.169632971889595
8.166894007963496
8.163612309623993
8.160353036155431
8.156763481052131
8.153583603261872
8.151036510214954
8.147855896982787
8.145004555935186
8.142009184657555
8.139445276550585
8.137234874449351
8.134454074301399
8.132235935095446
8.129164081602335
8.125767543020011
8.123347234532474
8.120658380299547
8.117919669603085
8.115124977558239
8.11266099692362
8.109531183476303
8.106965845862105
8.104559642434568
8.10233627936869
8.09982677441851
8.096959309548403
8.093127478117442
8.090162170320328
8.087424276339956
8.084707940289405
8.081953286565737
8.078858672851279
8.075818326488886
8.072609457268882
8.070028503088542
8.067294586649268
8.064635832947163
8.06191488300514
8.05886634985571
8.055972732714437
8.052914010905397
8.050271573425604
8.04776141790375
8.045040977819596
8.042512826571318
8.040347643780812
8.03752433716621
8.034264116376523
8.031011955314838
8.028398036073295
8.025553473417439
8.023252094183114
8.020505097867256
8.017599894752854
8.014984926251678
8.012756320433137
8.00914910581851
8.006957916768183
8.003695335130638
8.000782258791062
7.998137126426663
7.995283296497073
7.9929274963123
7.990080161431819
7.986268483376131
7.984144604493299
7.981625567197502
7.979076440793316
7.976859061233812
7.974536197199688
7.972023868104471
7.968595057948567
7.966482031326226
7.964027674713959
7.960932858977493
7.95772473085729
7.955413763032
7.952204908446042
7.9499152316360915
7.947342295336352
7.945161601549175
7.9425923542712225
7.9407541345037735
7.937557627212916
7.935054237443536
7.931756594852651
7.92944628881637
7.926632389885318
7.924239165793403
7.92241814580636
7.919999774594478
7.917351105034603
7.915189906967067
7.912627276366015
7.909621852149222
7.906772948205591
7.904095384706109
7.902120743857155
7.899653046630633
7.8970153726949475
7.894579764246171
7.891822589469206
7.889117374709073
7.88699084517984
7.884260490055572
7.882175722512859
7.87881643804368
7.87607109981355
7.873844747238111
7.871605906951684
7.868813856903156
7.86664282091718
7.864515286412166
7.862353502382133
7.859119079764876
7.856491137050905
7.853151238975263
7.850957781416046
7.848255829004186
7.846360081865302
7.843572666155988
7.841726415857547
7.838745989827439
7.835629579128483
7.833664938450145
7.8310318160482595
7.828447255441797
7.8260987764855745
7.823332420457286
7.82060268547111
7.8182244246028745
7.8158035474274
7.813333140563731
7.811531421671855
7.8092420077880895
7.806902006859167
7.804377253215323
7.8019667572164195
7.799171474345849
7.796541947046036
7.794360434669867
7.792427592905032
7.789202191545126
7.786965995278578
7.784850517481081
7.782618833520168
7.7800037655350005
7.777238069862668
7.7749111334997565
7.7722931958663874
7.770004711498155
7.767708819349727
7.764564597253491
7.762020135960013
7.760109822532501
7.757663969587586
7.755075635939783
7.752259927716391
7.75000022897645
7.74789267079036
7.7453715120411175
7.74318632615
7.740666181116094
7.7385994699242415
7.736669224492329
7.733448284797696
7.731032262518386
7.72843462623729
7.7259235968999675
7.723337674969661
7.720849861496752
7.718197551339141
7.716168110422128
7.714016945829284
7.71179920254767
7.708940741360912
7.7065314613101386
7.703960564739076
7.70110138426905
7.6990380014822435
7.696909959197525
7.694100389619782
7.691426626285013
7.688488735541384
7.6863642456095835
7.684255502406192
7.682007557940752
7.679840647125143
7.677569104330085
7.675438955857653
7.673612670062589
7.671467560543293
7.669209400844782
7.666927454158758
7.664870771078261
7.6625656705858125
7.659865674440402
7.657356764054466
7.65514519956842
7.652826577929126
7.650401498644822
7.647768588283771
7.645891416061932
7.64375534064703
7.641666936022004
7.639073840191854
7.636146152015849
7.63376699448429
7.631359435833334
7.628830119773731
7.626373459529338
7.623974283284808
7.621849797871992
7.619034829623677
7.61665047888235
7.614626040656271
7.61226417348348
7.6102044927669965
7.607277878707425
7.605100357772425
7.60238735699118
7.6004377093098
7.598417055666658
7.596050184056344
7.594039287791387
7.591603620834237
7.589253739924853
7.587081239866426
7.584704439835978
7.582605129795594
7.579751029391009
7.577391359037028
7.575205351392631
7.573730227871704
7.571543653703745
7.568951197463597
7.56670595378891
7.564096043946237
7.561146671648945
7.5590309239667866
7.556621415856399
7.5539538399231185
7.551842963762146
7.5498305394055665
7.547833761950287
7.54559892276437
7.543196522304287
7.541069291991089
7.538904175631133
7.537022873591095
7.534918161284551
7.532401790508478
7.5299178392220645
7.527430768304804
7.525699775179897
7.523658330333065
7.5214561097751655
7.519372481783334
7.517178393789596
7.514798012239709
7.512310024021556
7.509946973900602
7.507709230172923
