0.0
149.84993946284473
172.31537450365886
173.37642997056872
167.40221659362976
163.36151018921876
156.56499893858012
152.13137376671955
146.59977461175365
141.55143018155698
136.75864650892728
132.70399640282002
128.6626745111705
125.37044114559139
122.35077340809111
119.05698934321278
116.51605065005117
114.04134107198031
111.63964565831849
109.67972585865489
107.54591371121985
105.65645953432247
103.8776752968553
102.19180737532437
100.5789359103751
98.76946984148881
97.35422486425517
95.89460517899961
94.34574083161482
93.24412596348496
92.18926072057931
91.11941315621795
89.88543882224701
88.83267467666013
87.56750852119784
86.42515176589576
85.23591156222568
84.26514649184661
83.37991734089934
82.40669492865379
81.45266640928297
80.66700992396794
79.87153450755494
79.06298697418582
78.35330445512572
77.61677991877373
76.86976547755864
76.1421238723974
75.50381186660351
74.90984053940605
74.2638871864272
73.66969112726996
73.06097826373203
72.44391268709853
71.88709263905226
71.35064491959739
70.71198186310797
70.17003843452949
69.62283747179538
69.12332082134697
68.61689158427869
68.14766557789994
67.59229630717941
67.08519230037972
66.59753847632028
66.15528728322239
65.72162024143883
65.28898154029594
64.85258014919422
64.38738873779666
63.96092909832502
63.52851629682654
63.1212075213693
62.743931630925424
62.34530700886436
61.9875099024493
61.62417720919135
61.259591266037205
60.909165067877936
60.54364881385686
60.199163137248995
59.890448098058854
59.5783109079623
59.30151210735794
58.972465643258325
58.635257739279496
58.29854347557838
58.00792438889432
57.74252821888146
57.504074709301875
57.244119820289924
56.934989432292404
56.66990941843353
56.425924706230106
56.15352070152244
55.87059513047882
55.586074599685524
55.360307327507655
55.086287479631096
54.82122901066063
54.5635207126195
54.31508299122183
54.087287437578105
53.831477040273235
53.58903459280033
53.36160544723846
53.14580931366435
52.921715865111956
52.69231373044973
52.47867392775211
52.28892442575639
52.084603296534425
51.88167890979162
51.67002009756177
51.45543990200017
51.24563169786726
51.0346013320655
50.84689353909465
50.65226001644831
50.454037846995526
50.26827415892998
50.08526247025076
49.90106100888613
49.70102731533523
49.51511651479436
49.33322444571535
49.14863850149578
48.99850097721997
48.82185129706181
48.63843254412579
48.45453488472754
48.27931852252962
48.112294414960154
47.945257928830706
47.79755308176237
47.62020922958655
47.44984264674061
47.28621494884968
47.11567472857142
46.96721908019759
46.80873033114354
46.66458940265873
46.51977013566362
46.38371489930197
46.239757203395634
46.10418124212436
45.955971960296054
45.80419201940955
45.67162753557255
45.52593505573777
45.38374680293797
45.25510914406087
45.12703269321047
44.986822839363924
44.85662158586632
44.72223369289264
44.596204524422184
44.45604357761034
44.32888960411017
44.19611182427996
44.06747246297492
43.947195217583605
43.833603509725876
43.71990540854493
43.60135890357362
43.49419246094265
43.37207788824293
43.25182930589353
43.133684420727676
43.03724584244174
42.92987103230471
42.807923723776675
42.69542464180574
42.57095924892154
42.46411847897836
42.35530230511594
42.24520015965782
42.136495662448375
42.037631919273245
41.93894469911054
41.82601543595287
41.71997848036284
41.61173454476459
41.51090463048623
41.404817629621846
41.304050849337294
41.20495734035156
41.09881495837597
41.00007735996668
40.889352491197634
40.79164174804586
40.692219121427335
40.59703199100557
40.5060930672895
40.41516851118851
40.328508723681374
40.22624723766148
40.13095828865308
40.02779999575483
39.94159754128357
39.84414679233765
39.76649163550771
39.66745394057055
39.57676002992836
39.48500844571814
39.390570836780874
39.29698008966442
39.21098956238229
39.119072159038254
39.030511170196625
38.93968522738897
38.856745491458284
38.77312843931513
38.69034832098736
38.60416224716379
38.52243227411144
38.44253353115242
38.359399188004865
38.281122830787275
38.207520689061326
38.12485747253579
38.03983186762834
37.958625165575924
37.87890164641605
37.79974957294631
37.733292780734594
37.64895791365253
37.566795654047574
37.48582938674545
37.40435802957994
37.33092779136011
37.253120912246544
37.16989203342201
37.10245733179563
37.0323577793858
36.96489650726078
36.89739795468521
36.823928858472655
36.755595362431905
36.677233991157074
36.59180955100297
36.51973874726257
36.45365364419992
36.38780542867544
36.32153606660588
36.25688507537925
36.18378293339093
36.11193033408081
36.039810004118486
35.97481537136822
35.91050454636347
35.84487868133481
35.78151208559123
35.716639644692634
35.65419156612436
35.58923107405437
35.51973642975236
35.45058519719022
35.38670044095374
35.328744111168774
35.26829449457419
35.20850453527876
35.145817816761685
35.07907754235402
35.014710356495385
34.95472657037083
34.89199454788534
34.830880893908336
34.77143672878008
34.71617682986982
34.64878315343108
34.59518525746617
34.53460490697287
34.471001919087435
34.420469051270565
34.36280917102602
34.303341366859506
34.24091321939227
34.18342222148847
34.128353587127776
34.07000295788247
34.01795062231643
33.96528264426184
33.90581811795683
33.851006691919466
33.79741831695522
33.74263226265098
33.68621547300623
33.62836388378743
33.57235298347243
33.51624842998003
33.464056952917424
33.41268108699876
33.36121206500074
33.304164982248025
33.25381036669805
33.19810075935349
33.14019806588683
33.09465031495394
33.048289262317546
32.99387201099175
32.94151290913157
32.89207599981106
32.84242797442519
32.78993184526118
32.73902010898592
32.68823158196929
32.64335281695598
32.5924735157702
32.54263423212806
32.49994728023223
32.45091822897448
32.410353413866844
32.36331929451154
32.31573804244166
32.27303536396847
32.22737884221022
32.18105141458551
32.138661773875995
32.086823799516765
32.036561528563425
31.989042519445857
31.947651755535134
31.903249325685824
31.862518037460465
31.82068366903349
31.781211874279574
31.736254761313372
31.694371788436424
31.653839980756864
31.61211663390852
31.568248525284417
31.521879425534795
31.478563018396102
31.436045457885065
31.39195220288616
31.347020710348772
31.304672410703887
31.26446116811734
31.225749455577716
31.18081950593526
31.13790842413507
31.09667452715857
31.05199227525448
31.01679682472124
30.97622505131315
30.932703978991857
30.892467614848616
30.857347786303855
30.81722107332821
30.776934478127362
30.737712078882037
30.69363590006374
30.655177586301104
30.614126592039963
30.571866552058857
30.533238914679714
30.489137058900845
30.448321004814563
30.409408591295705
30.37188870808581
30.33365856898954
30.29263592870514
30.253432661830438
30.21587146831059
30.177855432455704
30.141320270488844
30.10248127515923
30.06417830071283
30.028806532709876
29.991385518846467
29.956036887304958
29.913729189334664
29.87140740659143
29.83430829610474
29.79668344645963
29.762571142397533
29.730205012880454
29.69028091714806
29.654006228265427
29.62080535942536
29.58352523351582
29.549505023316822
29.514407906411662
29.477983610196155
29.445494085012974
29.407966784007417
29.370173669873928
29.33573349795221
29.298573254639393
29.26834772929958
29.234484980568613
29.20042538977986
29.167535491416185
29.13285538424618
29.100302241393187
29.0663296347261
29.030898565946913
28.998087192371738
28.965165945220235
28.93140210477034
28.899782832579493
28.8680398811365
28.838497163134146
28.80925137770975
28.77666937617329
28.741999552543255
28.71076474773942
28.680386357210764
28.649538996275624
28.61842158649273
28.584277793379115
28.552223435560563
28.521038686134705
28.489626293734037
28.456751560365735
28.428737175691655
28.394967193056655
28.365062545392004
28.33278211934626
28.30044611976191
28.267000720333833
28.237664135352688
28.20572161135024
28.172845115692805
28.14301140049417
28.112534601096343
28.083802574013315
28.053936744717173
28.02635189987961
27.99881885495671
27.969189363367924
27.938536436704734
27.90815367553761
27.87957224041386
27.850931072757213
27.82202594809325
27.793730625996123
27.765031917317636
27.733675009580736
27.706065722452607
27.67722919400279
27.64689877121952
27.620662996843045
27.59346127935335
27.565997197447683
27.53558614295319
27.506629998460017
27.478889149132346
27.447886783291537
27.41973830470435
27.395600684158758
27.369973099678948
27.341564965223803
27.311092234592323
27.284102726758704
27.254130088759695
27.226994562449164
27.198548517181095
27.172411874348896
27.14434196987244
27.114830326768676
27.08568941776899
27.058130136235746
27.030439248545516
27.00249950744302
26.977313210417257
26.94911358824866
26.91987960864591
26.892274383686804
26.86594021069912
26.83923260610936
26.81256172844475
26.78802799110349
26.761798675126194
26.737768547157426
26.714167714608884
26.68772065980411
26.661228129726172
26.633971770266157
26.60820190777039
26.578309533700008
26.555132302193222
26.52796620630501
26.503553001705924
26.479063534678858
26.453911496267953
26.427337801277012
26.39955739660032
26.375070572038783
26.352267398785457
26.328524428629247
26.304652383732083
26.279992829922993
26.255024565102737
26.23067418487053
26.2086776463056
26.182292182589237
26.156305279965657
26.13006262809523
26.105707029853313
26.082881532885377
26.059175501313558
26.039484573134025
26.015694544700537
25.99344598872972
25.969025419903964
25.9461850248213
25.921848040318768
25.899681406326692
25.875281160418684
25.854053816680146
25.831696814958367
25.807967896584532
25.785101897381217
25.761341877709278
25.737073529568644
25.715430519693054
25.689801182936602
25.6685246402987
25.647498137257116
25.6255359795695
25.604391953302432
25.582371564729126
25.560450894619652
25.539433074980632
25.516877234591302
25.492593846164414
25.472215931777626
25.44994814081996
25.429389018212955
25.407762031735757
25.38510341541311
25.36389473412395
25.34430911843757
25.322141183780133
25.301926522658643
25.28178735764683
25.262465520063788
25.240493278622406
25.21723596406671
25.19748900158457
25.17582658347288
25.1552562276155
25.13192496708213
25.109708287211227
25.088638560909445
25.068877724685343
25.049859703743287
25.031170047593196
25.010009679129045
24.98920884949137
24.967373491919854
24.946801345259107
24.924382569894966
24.904778128547115
24.883390555745105
24.86180909004078
24.8421757515801
24.82313984555346
24.801678343180054
24.780913132707923
24.761035570388376
24.742132838181735
24.721782087659484
24.70287692912418
24.680953488625445
24.662682888112112
24.644505133060402
24.62780632168793
24.610596585279346
24.59091840192756
24.573152450932316
24.55492078075118
24.53538837143955
24.513739067329755
24.494264298832196
24.47511765341735
24.455788471283284
24.435855642818197
24.42022773525084
24.399894158983574
24.38293128697711
24.36329936834353
24.34482087545164
24.32637061055394
24.30731827062137
24.289605429313568
24.270887365264283
24.251508696688564
24.233076232865635
24.216471745477715
24.19862755731914
24.179055840008772
24.159200226835893
24.140706161514387
24.121796984296868
24.10230027684919
24.084619787977612
24.065848078387496
24.047156765211675
24.030571420856578
24.012440752172893
23.994630772947385
23.975907164474595
23.957111451640852
23.940493919060792
23.92265249790884
23.90494020535401
23.88924728259131
23.87091256322811
23.852577803890703
23.835504064013314
23.819638725208453
23.799118489308256
23.78094097210463
23.76187481521069
23.743919095573087
23.725896424754556
23.708748115268303
23.69074661803279
23.6731740178248
23.656357846849506
23.638467149532964
23.62242953440303
23.6047920047277
23.589234433054173
23.57278173169236
23.556525723314273
23.539666984184585
23.521989311474268
23.506647809156235
23.49168296638634
23.47235836046219
23.453178184419688
23.436947393918203
23.42038550531002
23.40409898821501
23.385973131807503
23.36814403889061
23.35252281251421
23.337422321085175
23.31936868524824
23.301497626812896
23.28712648320131
23.27341148766345
23.2561076385837
23.240256376305112
23.223192083669584
23.20527573435353
23.18817970613925
23.170384090841797
23.154253234432648
23.137346006209878
23.12204808162612
23.106747075161064
23.090923384258062
23.07610116896433
23.061722137114835
23.044588052354758
23.027933997335342
23.012997542242587
22.996058015947952
22.98157738593063
22.966726415367418
22.95151213054454
22.934843563362843
22.92119173542675
22.90620494237799
22.891031640640268
22.876199042703554
22.86182493981693
22.846362700050772
22.830845118289403
22.81434490119939
22.79840245277056
22.784673949421673
22.76956206385595
22.755407054172398
22.740832538866574
22.726359768058337
22.71032809477026
22.696099744084425
22.681122017419884
22.66575786228943
22.65077223498694
22.635502028203806
22.622323564417137
22.60788239725207
22.592648630340392
22.578786193740605
22.565271409894844
22.550140737314447
22.535189950464204
22.519928309479777
22.504937514891044
22.48972382579894
22.475808648158477
22.461434935440153
22.44765406727492
22.434377768328677
22.421977713172616
22.407628944671252
22.394837316464415
22.38064610018685
22.367358153869663
22.353019674854327
22.338668789245972
22.325518059091067
22.310627528385567
22.29657912663646
22.282001842838003
22.268216785441464
22.25268512188507
22.24012645671569
22.225715334686083
22.211707980270212
22.19740794012628
22.183834201818325
22.170764621073115
22.15675001676839
22.143598929932693
22.128033713718942
22.114540802996316
22.101726239631546
22.089807670066218
22.0764208850244
22.062995178267695
22.049364533763548
22.037405777551616
22.024928228542684
22.010438489498323
21.995931918418176
21.983116171569524
21.96832953094279
21.95459871868139
21.94145382179868
21.928507591125026
21.914803767903184
21.903222335854654
21.88944822843747
21.877001444060333
21.862081775084985
21.848148683497982
21.83491608198845
21.8216051607966
21.80787795107881
21.793829482049603
21.780966477632017
21.767888360762402
21.75380082978588
21.740275931300072
21.725777429211334
21.713340104344606
21.698879110844697
21.685931738216656
21.673045058316955
21.65919885342662
21.646062144638012
21.634171308830467
21.622068959463448
21.608798928956176
21.596505644735142
21.583834590061358
21.570758809212386
21.558015298125223
21.54513828687574
21.532900931165834
21.52155898143206
21.510402978005356
21.497235169338186
21.484328358990737
21.47244987283377
21.45850696270506
21.444500044088368
21.43223081441818
21.421555695102576
21.409594038877138
21.397785323533892
21.387083062489477
21.373656397468334
21.361782515376515
21.349129199624088
21.33642631697949
21.325233413976825
21.314312863852575
21.301670384254695
21.290311037164322
21.27752768055655
21.26518686484603
21.25290526932756
21.241238046368526
21.229827600066276
21.2173781507929
21.205750435309877
21.193251848916784
21.182344138944245
21.170360387646
21.159843358177326
21.147581028825087
21.13581387020803
21.124968795227485
21.11214322086206
21.09956889815883
21.086268366934785
21.073625361573963
21.062057276373828
21.050439643751893
21.039164110499453
21.025828589721435
21.01562162789517
21.00464665131618
20.99337005807725
20.981071126373696
20.968692399350825
20.958051766239738
20.94609902577945
20.93430294894043
20.92337440961438
20.91227805491636
20.900322468111824
20.891015259428784
20.879014664644757
20.868041325872714
20.85775937131287
20.846657881328504
20.834708043922465
20.82327909123684
20.811833189097044
20.800177089126723
20.787771619722395
20.776227394683936
20.764928339648232
20.752166607631853
20.740363346726248
20.72937903287879
20.7179957726828
20.706683291776084
20.694487222280348
20.683526000034934
20.67182649113178
20.660475631062845
20.649413612935007
20.639211711570518
20.626538311445856
20.61467286869899
20.60341057717904
20.59275026491953
20.581562969403617
20.571418559020884
20.561500753023928
20.55045081109083
20.538837399571506
20.529410632237106
20.51808970284843
20.507610305901697
20.495394036300336
20.486094449829892
20.475430028324666
20.466347166193263
20.456134526573752
20.44581485567266
20.435433041637456
20.426651127894658
20.41605342789582
20.40464063701919
20.395577923544568
20.38444474976902
20.374615316049976
20.36429494933903
20.353774464767724
20.34268613192821
20.33163996471329
20.321333874857828
20.31103286396403
20.29975789675418
20.289553422039095
20.28025590429911
20.269336890916232
20.258460880262245
20.24830811825711
20.237671594055175
20.22695285081206
20.216354160238335
20.205501520000457
20.194999121405772
20.18601317425145
20.175155577148146
20.16586083128486
20.155488833774832
20.145679032154558
20.13542803351645
20.1254813268888
20.116756814276336
20.107451349345773
20.097052787208835
20.086841886291076
20.07688896088845
20.06776030326117
20.05757062547449
20.047254822001033
20.037631823529157
20.0283633391049
20.018630881953
20.008798000945163
19.99854300548212
19.988121953181412
19.977785396884762
19.967079752033676
19.957685185017205
19.948563980044202
19.939075909560902
19.92897776627406
19.918901834891884
19.910349684298055
19.900086732494835
19.890217185094418
19.8816315745839
19.872678501638976
19.862993916662848
19.852577968899222
19.84276495583601
19.832679010997854
19.82329543234731
19.814194488391266
19.804553550165327
19.794662691958603
19.78394493073291
19.774085027968905
19.763479443480634
19.75408131470331
19.743913890370294
19.73467467821615
19.72566551526384
19.715272058742023
19.707095702932303
19.697424962187082
19.688591223772807
19.67858776885716
19.668156627998243
19.658906630764466
19.64889607690762
19.6401463257412
19.630633937431128
19.621481925901406
19.61199381981386
19.602214205296203
19.592336876339402
19.583056223185544
19.573723277214867
19.564702181772905
19.556240480793413
19.5459235266197
19.537886501176377
19.52843822786964
19.52023042683435
19.511372459230124
19.502735068364164
19.493343467430186
19.483830286336712
19.475183336624497
19.465861943656456
19.45673712126748
19.44784282642819
19.438462589137867
19.429501359871946
19.41989687646841
19.410678705844386
19.400674290947116
19.392577186713794
19.38323067819731
19.373953816063903
19.36546126229981
19.357483296783585
19.347568268685734
19.338482626066487
19.33018728024767
19.320586257405264
19.31184321615445
19.302840846250536
19.295250912192586
19.286654175300693
19.2780901047234
19.26808389945437
19.258996069563125
19.250961380540236
19.243097923899835
19.23350464731709
19.22431971696064
19.215381301244165
19.206505568791883
19.198019868706147
19.18928683425259
19.18024342021274
19.170567994175755
19.16279108744804
19.15390320869218
19.145226244018403
19.13637795614557
19.128503676564037
19.12024361291401
19.111353297175555
19.10382987186997
19.09574720446886
19.086958892990907
19.07849684386696
19.069751091283802
19.061594411896873
19.053051287106744
19.044654611957117
19.03595268255475
19.027685036081945
19.01902974656902
19.010466539052533
19.001872074746053
18.99368335931399
18.98616806860176
18.978258881105006
18.970926695993466
18.962736758601245
18.95465417542929
18.946063479920078
18.937750340367746
18.929456447553527
18.921382371529884
18.913786754059014
18.905896107198114
18.89814738779395
18.890551632967306
18.882592435195452
18.874650310926533
18.867042406323414
18.86082464598073
18.852483652477748
18.843730760043172
18.836596754836325
18.829385813795877
18.821652980427757
18.813671526431374
18.806608313861464
18.79840852331359
18.79049206749866
18.782131391703206
18.774156802290996
18.766207644436477
18.758458328535276
18.750636056519976
18.742373553118973
18.734800685964572
18.72622990532756
18.71784516148639
18.709707255031603
18.701430924138624
18.69380814162358
18.68629783638833
18.678635539584906
18.670143715499716
18.662840671427375
18.6544054012293
18.64748498717542
18.63977905484229
18.632156198582642
18.623895578163726
18.615660482067053
18.607041224228794
18.598896704767363
18.59121955107367
18.583153386883872
18.574261107832527
18.56695290844776
18.559100068372842
18.551994376925062
18.54393381558477
18.53554827014528
18.52744202589168
18.520568358925846
18.51309693501813
18.50615168058035
18.498357241090833
18.49189419796437
18.48405895752837
18.47677698688701
18.469466434595883
18.46143740896139
18.45422989595949
18.447715308423696
18.441543535959607
18.434309467340615
18.426098365641987
18.41983539201291
18.414088583973687
18.4063321934039
18.398229403660263
18.390965407158692
18.38330439360602
18.376410362269255
18.36845269062356
18.36179239359102
18.354839166616134
18.347308967675673
18.33999750641795
18.331608343730704
18.32338057660364
18.315958838204857
18.3100193076077
18.303374805661427
18.29563276171294
18.287598900981756
18.2807571423838
18.27482531824009
18.2670032005058
18.260248859812958
18.252097774103795
18.24534008181622
18.238319768756845
18.2310831221362
18.223896414242923
18.21644744301891
18.208687033973824
18.201848113256283
18.19515689927167
18.18799185430508
18.181029133667995
18.173840015686547
18.167624802906264
18.160472779583746
18.15403828894192
18.14755817300164
18.141601610710616
18.13439084734151
18.127139969040137
18.12149010727715
18.114095914782173
18.106976603261327
18.09970486000969
18.093016516868822
18.087120563526323
18.080846823686738
18.074794606445177
18.067752097043158
18.06024712102836
18.053513170665315
18.04601979434759
18.038874298682938
18.032101659084915
18.025186946124403
18.018354418832036
18.011993294475882
18.00565444926207
17.99859917613072
17.99140806929873
17.985551119248317
17.978577110317854
17.971111107527385
17.96404265330259
17.957115891099388
17.950743287279103
17.943710119568888
17.937345477056322
17.929527470145125
17.92346462733277
17.917333084362237
17.91069268162858
17.904357666922042
17.897245748900584
17.891020744494845
17.884676605517306
17.87797537720208
17.871237425587573
17.86450892478029
17.857532473340864
17.850150890808408
17.843515795085914
17.836767240272245
17.829639579546676
17.823179653296528
17.81755518767599
17.81093886009511
17.80439477893217
17.797302610300047
17.791305394850582
17.784762982105722
17.778063562273438
17.77195064481886
17.765572346658796
17.759067326687344
17.753034272317045
17.747327260082105
17.740705341550125
17.734144474193602
17.727843472926985
17.721070598781477
17.714115505280084
17.708102470336065
17.70163369754189
17.694656878333067
17.687295351488782
17.681448878724833
17.6746972934692
17.667654855328905
17.661447425772362
17.65461083902244
17.648827876278638
17.643279737936062
17.637076286549114
17.630836368619924
17.62445550919029
17.6175381119837
17.611542690144063
17.60529447550159
17.599197046769767
17.59233198341225
17.586239891979737
17.579765060418104
17.574020822161497
17.56836119867531
17.562927859153483
17.556225195582755
17.550446339566992
17.543571247217763
17.537619456612077
17.530932216627978
17.525194177600035
17.518366241118837
17.511338899839714
17.505639750279286
17.499537978474898
17.4930989504481
17.487405372912953
17.480390803756933
17.47457357450893
17.468012489106474
17.462752396583486
17.45623813174679
17.450787118232768
17.444647085529958
17.437859615510494
17.431617960935306
17.425283323777354
17.41901881455112
17.41274700893561
17.406514261815467
17.401199282769454
17.394372607395358
17.38901506359241
17.383104570204573
17.37718926360487
17.371093589518665
17.365598089867028
17.35891112366781
17.35338338538211
17.347013570666658
17.34078033461407
17.335219786590894
17.32904875907269
17.322374661896166
17.31674327371847
17.31024184651528
17.304626753336372
17.29828780780689
17.29357798875297
17.287510306922748
17.28175974577871
17.27740044978296
17.271311322827493
17.26555051804478
17.25953369323515
17.253636122394745
17.24785266316715
17.241885237502135
17.235579560998694
17.22968273462859
17.224717707922125
17.218733963015048
17.213460139796513
17.20865379916331
17.202543394038642
17.19676278445847
17.191037455387498
17.185178399091868
17.178862090262445
17.17307276355128
17.167286703851186
17.161218369957957
17.155129382651694
17.149804253719367
17.14408103548092
17.138203461456687
17.132671488505526
17.127417101159345
17.122245556656697
17.1161157696201
17.110112733422874
17.10466136786506
17.099013583712686
17.092696570648982
17.086893770679943
17.081222434566392
17.075904279582346
17.070098847286797
17.06420184556645
17.058295056440535
17.052736056028614
17.046838944874814
17.041266728161585
17.035905523829232
17.030114008439032
17.024357955414242
17.018708425165258
17.013136452107783
17.007503949823377
17.001780483592608
16.997182851495474
16.991725857869582
16.987293959241114
16.98170114851931
16.97551429318955
16.97001985061974
16.964025298033672
16.95814392261205
16.952803351400423
16.947289495679534
16.94146202896438
16.936655135078315
16.931529125029243
16.925892729250904
16.92037234659093
16.915167753227625
16.910326232653624
16.905085634471252
16.90023652892896
16.89477809772395
16.88951674959464
16.88424604503213
16.880012405064953
16.874128569553434
16.86931664135079
16.863871410627674
16.85822792839917
16.852885153911576
16.847627330348953
16.84215507687502
16.836628573687225
16.83096027935349
16.825320155259806
16.818899908709966
16.813368183408006
16.80809984569804
16.802499964521985
16.79695147261511
16.79209967262041
16.78676829259823
16.78164363886103
16.77605871780778
16.771014709758408
16.76567316509715
16.760870772332904
16.756603732150538
16.751450573186546
16.746576285071605
16.740507099205292
16.735293357436145
16.729254005606336
16.72428434492779
16.71864302550065
16.71351124312442
16.708191119764127
16.70306351720585
16.69720452669569
16.691743681288237
16.686450995443337
16.68065400700746
16.67604091942855
16.670824533472295
16.665758731585907
16.660707391896857
16.655495426284123
16.65064981883538
16.645746404225825
16.640599422198324
16.635546237837872
16.630463695901767
16.624984430053026
16.61998305552179
16.614950314941495
16.610014995978258
16.60478324019287
16.599675433448684
16.594727348805712
16.589217311104864
16.584104601919645
16.578659334482982
16.573045888521566
16.567190384661323
16.561798675943656
16.556525617558655
16.551028283798832
16.54670228375101
16.542100620173557
16.537004497471074
16.531631063499095
16.526115317220512
16.52071539606072
16.515157889421737
16.509734287587115
16.504180259127274
16.49885072989733
16.494006504419144
16.48898187861329
16.483636181536028
16.47886701398955
16.47291501407149
16.46766474554475
16.46269999426132
16.457388705947935
16.452673249353843
16.448149039654496
16.442935655056754
16.437810391481282
16.43279278738447
16.428570707029408
16.42355237210043
16.41873235559108
16.413180711045907
16.408015956521457
16.40298856014293
16.39932616878836
16.393879319304393
16.38863845980737
16.383062725838737
16.37844019441315
16.37319342947176
16.367963139875222
16.363301868045593
16.358199767508694
16.35318281577763
16.34814793566132
16.343525698970794
16.338633737108804
16.334081003394147
16.329313250827372
16.324628894817483
16.320009336129342
16.31523852887099
16.31033038791647
16.304863912964414
16.29940383427891
16.29453075399949
16.289802885206154
16.284743887428085
16.27954160858389
16.274713554570734
16.269666100139816
16.264865294135834
16.25999043885517
16.25557610816757
